version = 'MMult_cuBLAS_2';
GPU Device 0: "NVIDIA A100 80GB PCIe" with compute capability 8.0

MY_MMult = [
1024 14679.99 2.670288e-05 
1152 16989.35 3.051758e-05 
1280 16886.26 9.536743e-05 
1408 17440.71 4.649162e-05 
1536 17117.86 4.577637e-05 
1664 17068.95 4.959106e-05 
1792 16889.72 1.373291e-04 
1920 17810.20 8.773804e-05 
2048 17560.12 1.487732e-04 
2176 17718.96 1.754761e-04 
2304 18861.65 1.716614e-04 
2432 17844.32 1.907349e-04 
2560 18021.24 1.983643e-04 
2688 17347.12 1.983643e-04 
2816 18673.35 2.155304e-04 
2944 18567.37 2.441406e-04 
3072 18310.22 2.441406e-04 
3200 18300.02 2.822876e-04 
3328 18214.87 3.356934e-04 
3456 17824.47 3.280640e-04 
3584 18258.89 2.899170e-04 
3712 18492.20 3.356934e-04 
3840 18481.47 3.662109e-04 
3968 18785.29 3.585815e-04 
4096 18690.58 3.738403e-04 
];
