version = 'MMult_cuBLAS_1';
GPU Device 0: "NVIDIA A100 80GB PCIe" with compute capability 8.0

MY_MMult = [
1024 306.65 2.670288e-05 
1152 17018.24 3.051758e-05 
1280 16913.71 9.536743e-05 
1408 17467.43 4.649162e-05 
1536 17123.10 4.577637e-05 
1664 17073.05 4.959106e-05 
1792 16902.70 1.373291e-04 
1920 17814.83 8.773804e-05 
2048 17565.06 1.487732e-04 
2176 17741.91 1.754761e-04 
2304 18871.73 1.716614e-04 
2432 17835.63 1.907349e-04 
2560 18028.82 1.983643e-04 
2688 17402.04 1.983643e-04 
2816 18690.41 2.155304e-04 
2944 18568.02 2.441406e-04 
3072 18315.51 2.441406e-04 
3200 18301.31 2.822876e-04 
3328 18216.34 3.356934e-04 
3456 17977.42 3.280640e-04 
3584 18333.05 2.899170e-04 
3712 18507.34 3.356934e-04 
3840 18590.31 3.662109e-04 
3968 18797.16 3.585815e-04 
4096 18846.11 3.738403e-04 
];
