version = 'MMult_cuda_12';
GPU Device 0: "NVIDIA A100 80GB PCIe" with compute capability 8.0

MY_MMult = [
1024 10174.48 7.247925e-05 
1152 12919.43 9.536743e-05 
1280 15917.03 9.536743e-05 
1408 9974.78 1.258850e-04 
1536 11855.54 1.220703e-04 
1664 13912.40 1.373291e-04 
1792 16110.30 1.373291e-04 
1920 12539.91 1.907349e-04 
2048 14257.09 1.487732e-04 
2176 16022.95 1.754761e-04 
2304 17925.26 1.716614e-04 
2432 15164.73 1.907349e-04 
2560 16706.77 1.983643e-04 
2688 14882.04 1.983643e-04 
2816 16315.05 2.155304e-04 
2944 17709.47 2.441406e-04 
3072 16226.98 2.441406e-04 
3200 17482.06 2.822876e-04 
3328 16350.10 3.356934e-04 
3456 17504.97 3.280640e-04 
3584 16615.48 2.899170e-04 
3712 17686.48 3.356934e-04 
3840 16988.07 3.662109e-04 
3968 17980.28 3.585815e-04 
4096 17374.52 3.738403e-04 
];
