version = 'MMult_cuda_21';
GPU Device 0: "NVIDIA A100 80GB PCIe" with compute capability 8.0

MY_MMult = [
1024 562.79 7.247925e-05 
1152 559.81 9.536743e-05 
1280 546.53 9.536743e-05 
1408 561.71 1.258850e-04 
1536 556.82 1.220703e-04 
1664 560.28 1.373291e-04 
1792 562.64 1.373291e-04 
1920 555.62 1.907349e-04 
2048 566.73 1.487732e-04 
2176 559.72 1.754761e-04 
2304 562.44 1.716614e-04 
2432 563.37 1.907349e-04 
2560 554.23 1.983643e-04 
2688 558.70 1.983643e-04 
2816 561.00 2.155304e-04 
2944 558.62 2.441406e-04 
3072 553.04 2.441406e-04 
3200 552.89 2.822876e-04 
3328 560.58 3.356934e-04 
3456 561.10 3.280640e-04 
3584 564.65 2.899170e-04 
3712 564.24 3.356934e-04 
3840 548.99 3.662109e-04 
3968 566.65 3.585815e-04 
4096 566.78 3.738403e-04 
];
