version = 'MMult_cuda_3';
GPU Device 0: "NVIDIA A100 80GB PCIe" with compute capability 8.0

MY_MMult = [
1024 4600.22 7.247925e-05 
1152 4638.18 9.536743e-05 
1280 4603.31 9.536743e-05 
1408 4629.16 1.258850e-04 
1536 4631.32 1.220703e-04 
1664 4659.11 1.373291e-04 
1792 4665.40 1.373291e-04 
1920 4678.97 1.907349e-04 
2048 4691.41 1.487732e-04 
2176 4683.77 1.754761e-04 
2304 4688.60 1.716614e-04 
2432 4694.45 1.907349e-04 
2560 4689.48 1.983643e-04 
2688 4691.41 1.983643e-04 
2816 4626.79 2.155304e-04 
2944 4535.01 2.441406e-04 
3072 4495.25 2.441406e-04 
3200 4464.30 2.822876e-04 
3328 4506.89 3.356934e-04 
3456 4447.91 3.280640e-04 
3584 4460.34 2.899170e-04 
3712 4421.34 3.356934e-04 
3840 4408.34 3.662109e-04 
3968 4433.37 3.585815e-04 
4096 4456.84 3.738403e-04 
];
