version = 'MMult_cuda_21';
GPU Device 0: "NVIDIA A100 80GB PCIe" with compute capability 8.0

MY_MMult = [
1024 560.83 7.247925e-05 
1152 558.33 9.536743e-05 
1280 546.55 9.536743e-05 
1408 560.35 1.258850e-04 
1536 556.91 1.220703e-04 
1664 560.31 1.373291e-04 
1792 562.64 1.373291e-04 
1920 555.63 1.907349e-04 
2048 565.49 1.487732e-04 
2176 559.50 1.754761e-04 
2304 561.72 1.716614e-04 
2432 562.47 1.907349e-04 
2560 553.48 1.983643e-04 
2688 558.34 1.983643e-04 
2816 559.79 2.155304e-04 
2944 557.89 2.441406e-04 
3072 551.83 2.441406e-04 
3200 552.30 2.822876e-04 
3328 559.96 3.356934e-04 
3456 560.71 3.280640e-04 
3584 564.52 2.899170e-04 
3712 564.12 3.356934e-04 
3840 549.24 3.662109e-04 
3968 566.80 3.585815e-04 
4096 566.69 3.738403e-04 
];
