version = 'MMult_cuda_11';
GPU Device 0: "NVIDIA A100 80GB PCIe" with compute capability 8.0

MY_MMult = [
1024 8533.52 7.247925e-05 
1152 10854.79 9.536743e-05 
1280 12570.80 9.536743e-05 
1408 8995.08 1.258850e-04 
1536 10482.85 1.220703e-04 
1664 12288.06 1.373291e-04 
1792 14123.15 1.373291e-04 
1920 11066.31 1.907349e-04 
2048 12385.51 1.487732e-04 
2176 13912.83 1.754761e-04 
2304 15619.30 1.716614e-04 
2432 13357.17 1.907349e-04 
2560 14835.56 1.983643e-04 
2688 13306.74 1.983643e-04 
2816 14460.69 2.155304e-04 
2944 15856.85 2.441406e-04 
3072 14465.79 2.441406e-04 
3200 15735.06 2.822876e-04 
3328 14623.04 3.356934e-04 
3456 15838.42 3.280640e-04 
3584 14926.63 2.899170e-04 
3712 16062.51 3.356934e-04 
3840 15316.91 3.662109e-04 
3968 16402.83 3.585815e-04 
4096 15743.71 3.738403e-04 
];
