version = 'MMult_cuda_2';
GPU Device 0: "NVIDIA A100 80GB PCIe" with compute capability 8.0

MY_MMult = [
1024 561.80 7.247925e-05 
1152 558.75 9.536743e-05 
1280 546.61 9.536743e-05 
1408 561.34 1.258850e-04 
1536 556.83 1.220703e-04 
1664 560.34 1.373291e-04 
1792 562.66 1.373291e-04 
1920 555.69 1.907349e-04 
2048 567.22 1.487732e-04 
2176 559.70 1.754761e-04 
2304 562.30 1.716614e-04 
2432 563.34 1.907349e-04 
2560 554.23 1.983643e-04 
2688 558.78 1.983643e-04 
2816 560.51 2.155304e-04 
2944 558.46 2.441406e-04 
3072 553.02 2.441406e-04 
3200 552.87 2.822876e-04 
3328 560.49 3.356934e-04 
3456 561.16 3.280640e-04 
3584 564.77 2.899170e-04 
3712 564.15 3.356934e-04 
3840 549.38 3.662109e-04 
3968 567.03 3.585815e-04 
4096 566.95 3.738403e-04 
];
