version = 'MMult_cuda_22';
GPU Device 0: "NVIDIA A100 80GB PCIe" with compute capability 8.0

MY_MMult = [
1024 1169.80 7.247925e-05 
1152 1172.31 9.536743e-05 
1280 1166.87 9.536743e-05 
1408 1174.29 1.258850e-04 
1536 1173.93 1.220703e-04 
1664 1174.32 1.373291e-04 
1792 1176.58 1.373291e-04 
1920 1178.30 1.907349e-04 
2048 1181.17 1.487732e-04 
2176 1178.80 1.754761e-04 
2304 1178.67 1.716614e-04 
2432 1180.02 1.907349e-04 
2560 1180.80 1.983643e-04 
2688 1181.87 1.983643e-04 
2816 1183.33 2.155304e-04 
2944 1183.99 2.441406e-04 
3072 1184.09 2.441406e-04 
3200 1183.42 2.822876e-04 
3328 1184.93 3.356934e-04 
3456 1185.55 3.280640e-04 
3584 1186.06 2.899170e-04 
3712 1185.86 3.356934e-04 
3840 1185.37 3.662109e-04 
3968 1186.19 3.585815e-04 
4096 1188.23 3.738403e-04 
];
